0 0 0
1 0 0
1 0 0
1 0 0
0 0 0
1 0 0
1 0 0
1 0 0
1 0 0
1 0 0
0 1 239
1 0 0
1 0 0
1 0 0
0 0 0
0 0 0
0 0 0
1 0 0
1 0 0
1 0 0
0 1 227
0 0 0
0 0 0
0 0 0
0 0 0
0 0 0
1 0 0
0 0 0
0 0 0
1 0 0
0 1 4
0 0 0
0 0 0
0 0 0
0 0 0
1 0 0
1 0 0
1 0 0
0 0 0
1 0 0
0 1 14
1 0 0
1 0 0
0 0 0
0 0 0
1 0 0
0 0 0
1 0 0
1 0 0
1 0 0
0 1 203
1 0 0
1 0 0
0 0 0
1 0 0
0 0 0
1 0 0
1 0 0
0 0 0
1 0 0
0 1 214
0 0 0
0 0 0
0 0 0
1 0 0
1 0 0
1 0 0
1 0 0
0 0 0
1 0 0
0 1 30
1 0 0
1 0 0
0 0 0
0 0 0
0 0 0
1 0 0
0 0 0
1 0 0
1 0 0
0 1 197
1 0 0
0 0 0
0 0 0
1 0 0
1 0 0
1 0 0
0 0 0
1 0 0
1 0 0
0 1 157
0 0 0
1 0 0
0 0 0
1 0 0
0 0 0
0 0 0
0 0 0
1 0 0
1 0 0
0 1 81
1 0 0
1 0 0
0 0 0
1 0 0
0 0 0
1 0 0
0 0 0
0 0 0
1 0 0
0 1 212
1 0 0
0 0 0
1 0 0
0 0 0
0 0 0
1 0 0
1 0 0
0 0 0
1 0 0
0 1 166
0 0 0
1 0 0
0 0 0
1 0 0
1 0 0
1 0 0
1 0 0
0 0 0
1 0 0
0 1 94
1 0 0
0 0 0
0 0 0
0 0 0
1 0 0
0 0 0
1 0 0
0 0 0
1 0 0
0 1 138
0 0 0
1 0 0
0 0 0
1 0 0
1 0 0
1 0 0
1 0 0
1 0 0
1 0 0
0 1 95
1 0 0
0 0 0
1 0 0
1 0 0
0 0 0
0 0 0
0 0 0
1 0 0
1 0 0
0 1 177
1 0 0
1 0 0
1 0 0
0 0 0
0 0 0
1 0 0
1 0 0
1 0 0
1 0 0
0 1 231
0 0 0
0 0 0
0 0 0
1 0 0
1 0 0
1 0 0
1 0 0
1 0 0
1 0 0
0 1 31
1 0 0
1 0 0
1 0 0
0 0 0
1 0 0
1 0 0
1 0 0
1 0 0
1 0 0
0 1 239
0 0 0
0 0 0
1 0 0
1 0 0
0 0 0
1 0 0
0 0 0
0 0 0
1 0 0
0 1 52
