1 1 0 0
0 0 0 0
0 1 0 0
0 0 0 0
0 0 0 0
0 1 0 0
0 0 0 0
0 0 0 0
0 1 0 0
0 1 0 0
0 1 0 0
0 0 1 147
0 1 0 0
0 1 0 0
0 0 0 0
0 1 0 0
0 0 0 0
0 0 0 0
0 0 0 0
0 0 0 0
0 1 0 0
0 0 1 208
0 1 0 0
0 0 0 0
0 0 0 0
0 0 0 0
0 0 0 0
0 1 0 0
0 1 0 0
0 1 0 0
0 1 0 0
0 0 1 135
0 0 0 0
0 0 0 0
0 1 0 0
0 0 0 0
0 0 0 0
0 1 0 0
0 1 0 0
0 1 0 0
0 1 0 0
0 0 1 39
0 0 0 0
0 1 0 0
0 1 0 0
0 0 0 0
0 0 0 0
0 0 0 0
0 1 0 0
0 0 0 0
0 1 0 0
0 1 1 98
0 1 0 0
0 1 0 0
0 1 0 0
0 1 0 0
0 1 0 0
0 1 0 0
0 1 0 0
0 1 0 0
0 1 0 0
0 1 0 0
0 1 0 0
0 1 0 0
0 1 0 0
0 1 0 0
0 1 0 0
0 1 0 0
0 1 0 0
0 1 0 0
0 1 0 0
0 1 0 0
0 0 0 0
0 1 0 0
0 1 0 0
0 0 0 0
0 1 0 0
0 1 0 0
0 1 0 0
0 0 0 0
0 0 0 0
0 1 0 0
0 0 1 220
0 1 0 0
0 1 0 0
0 1 0 0
0 0 0 0
0 0 0 0
0 0 0 0
0 0 0 0
0 1 0 0
0 1 0 0
0 0 1 225
0 0 0 0
0 1 0 0
0 1 0 0
0 0 0 0
0 1 0 0
0 0 0 0
0 1 0 0
0 0 0 0
0 1 0 0
0 0 1 106
0 0 0 0
0 1 0 0
0 0 0 0
0 1 0 0
0 1 0 0
0 1 0 0
0 0 0 0
0 1 0 0
0 1 0 0
0 0 1 93
0 0 0 0
0 0 0 0
0 0 0 0
0 0 0 0
0 1 0 0
0 1 0 0
0 0 0 0
0 0 0 0
0 1 0 0
0 0 0 0
